Starting preprocessing of the model file ...
Found 12 equation(s).
Evaluating expressions...done
Computing static model derivatives (order 1).
Computing dynamic model derivatives (order 1).
Processing outputs ...
done
Preprocessing completed.

STEADY-STATE RESULTS:

n   		 0.405296
c   		 0.741126
tau 		 0.268952
w   		 2.05442
R   		 0.035101
y   		 1.24897
r   		 0.010101
k   		 11.8607
i   		 0.296518
g   		 0.211326
a   		 1
d   		 1.24897

MODEL SUMMARY

  Number of variables:         12
  Number of stochastic shocks: 2
  Number of state variables:   6
  Number of jumpers:           2
  Number of static variables:  4


MATRIX OF COVARIANCE OF EXOGENOUS SHOCKS
Variables          eg        ea
eg           0.000100  0.000000
ea           0.000000  0.000000

POLICY AND TRANSITION FUNCTIONS
                                   y               c               i               n               r               w             tau               d               g
Constant                    1.248970        0.741126        0.296518        0.405296        0.010101        2.054416        0.268952        1.248970        0.211326
tau(-1)                    -0.699935       -0.029700       -0.670235       -0.329246       -0.013827        0.517611        0.807359       -0.546746               0
r(-1)                      -0.031803       -0.023048       -0.008754       -0.015331       -0.002017        0.025398        0.059425        1.205192               0
k(-1)                       0.017875        0.039355       -0.021479       -0.007591       -0.002320        0.067879       -0.000974       -0.002394               0
g(-1)                       0.713746       -0.820025        0.543772        0.338130        0.017753       -0.539923        0.006849        0.856322        0.990000
a(-1)                       1.562718        0.415588        1.147130        0.163517        0.040694        1.741642       -0.085128       -0.209316               0
d(-1)                      -0.025720       -0.018640       -0.007080       -0.012399       -0.001631        0.020540        0.048060        0.974696               0
eg                          0.152356       -0.175043        0.116074        0.072177        0.003790       -0.115252        0.001462        0.182791        0.211326
ea                          1.644966        0.437461        1.207505        0.172123        0.042835        1.833308       -0.089608       -0.220332               0


THEORETICAL MOMENTS
VARIABLE         MEAN  STD. DEV.   VARIANCE
y              1.2490     0.0091     0.0001
c              0.7411     0.0185     0.0003
i              0.2965     0.0051     0.0000
n              0.4053     0.0026     0.0000
r              0.0101     0.0002     0.0000
w              2.0544     0.0056     0.0000
tau            0.2690     0.0206     0.0004
d              1.2490     0.0796     0.0063
g              0.2113     0.0150     0.0002



VARIANCE DECOMPOSITION (in percent)
           eg      ea
y      100.00    0.00
c      100.00    0.00
i      100.00    0.00
n      100.00    0.00
r      100.00    0.00
w      100.00    0.00
tau    100.00    0.00
d      100.00    0.00
g      100.00    0.00



MATRIX OF CORRELATIONS
Variables         y       c       i       n       r       w     tau       d       g
y            1.0000  0.8067  0.9130  0.9267 -0.4545  0.4383 -0.8871 -0.7797 -0.7018
c            0.8067  1.0000  0.6861  0.6365 -0.5857  0.6192 -0.9733 -0.9696 -0.9793
i            0.9130  0.6861  1.0000  0.9916 -0.0628  0.0522 -0.8329 -0.7511 -0.6356
n            0.9267  0.6365  0.9916  1.0000 -0.0884  0.0684 -0.7894 -0.6886 -0.5634
r           -0.4545 -0.5857 -0.0628 -0.0884  1.0000 -0.9955  0.4425  0.3795  0.4683
w            0.4383  0.6192  0.0522  0.0684 -0.9955  1.0000 -0.4670 -0.4228 -0.5158
tau         -0.8871 -0.9733 -0.8329 -0.7894  0.4425 -0.4670  1.0000  0.9776  0.9481
d           -0.7797 -0.9696 -0.7511 -0.6886  0.3795 -0.4228  0.9776  1.0000  0.9805
g           -0.7018 -0.9793 -0.6356 -0.5634  0.4683 -0.5158  0.9481  0.9805  1.0000



COEFFICIENTS OF AUTOCORRELATION
Order          1       2       3       4       5
y         0.9832  0.9621  0.9381  0.9124  0.8858
c         0.9955  0.9910  0.9867  0.9823  0.9780
i         0.9679  0.9257  0.8765  0.8230  0.7676
n         0.9557  0.9017  0.8416  0.7784  0.7145
r         0.9749  0.9445  0.9108  0.8753  0.8392
w         0.9733  0.9409  0.9048  0.8669  0.8286
tau       0.9993  0.9971  0.9936  0.9887  0.9828
d         0.9986  0.9946  0.9884  0.9804  0.9708
g         0.9900  0.9801  0.9703  0.9606  0.9510
GVT SPENDING MULTIPLIER
    0.7210
Total computing time : 0h00m06s
